2011	30	0
2011	31	0
2011	32	0
2011	33	0
2011	34	0
2011	35	0
2011	36	0
2011	37	0
2011	38	0
2011	39	0
2011	40	0
2011	41	0
2011	42	0.003877488
2011	43	0.001938744
2011	44	0
2011	45	0.007764568
2011	46	0.005823426
2011	47	0.001941142
2011	48	0.001941142
2011	49	0.005823426
2011	50	0.007764568
2011	51	0.00970571
2011	52	0.019411421
2012	1	0.011772552
2012	2	0.013641082
2012	3	0.013641082
2012	4	0.025333437
2012	5	0.023384711
2012	6	0.021435985
2012	7	0.056513052
2012	8	0.029230889
2012	9	0.051215862
2012	10	0.037426976
2012	11	0.029662782
2012	12	0.015758727
2012	13	0.022051831
2012	14	0.016033497
2012	15	0.010020935
2012	16	0.010064833
2012	17	0.008051866
2012	18	0.002012967
2012	19	0.010125448
2012	20	0.00202509
2012	21	0
2012	22	0
2012	23	0
2012	24	0
2012	25	0
2012	26	0
2012	27	0
2012	28	0
2012	29	0
2012	30	0
2012	31	0
2012	32	0
2012	33	0
2012	34	0
2012	35	0
2012	36	0
2012	37	0
2012	38	0
2012	39	0
2012	40	0.003787022
2012	41	0
2012	42	0
2012	43	0.00188973
2012	44	0.00377946
2012	45	0.009448649
2012	46	0.00566919
2012	47	0.007558919
2012	48	0.003811947
2012	49	0.009490323
2012	50	0.024566488
2012	51	0.052819504
2012	52	0.089304766
2013	1	0.096905172
2013	2	0.081258383
2013	3	0.096376222
2013	4	0.071809734
2013	5	0.078217282
2013	6	0.072126455
2013	7	0.096376222
2013	8	0.092596762
2013	9	0.093643489
2013	10	0.088640572
2013	11	0.09249451
2013	12	0.067997023
2013	13	0.052048074
2013	14	0.050120368
2013	15	0.034698716
2013	16	0.038830475
2013	17	0.025060184
2013	18	0.007710826
2013	19	0.005783119
2013	20	0.001927706
2013	21	0
2013	22	0
2013	23	0
2013	24	0
2013	25	0
2013	26	0
2013	27	0
2013	28	0
2013	29	0
2013	30	0
2013	31	0
2013	32	0
2013	33	0
2013	34	0
2013	35	0
2013	36	0
2013	37	0
2013	38	0
2013	39	0
2013	40	0.001981758
2013	41	0.001916724
2013	42	0.005750247
2013	43	0.003750484
2013	44	0.005616116
2013	45	0.001872039
2013	46	0.001872039
2013	47	0.001854636
2013	48	0.005563907
2013	49	0.009273178
2013	50	0.005563907
2013	51	0.024247032
2013	52	0.032268343
2014	1	0.045005271
2014	2	0.039120307
2014	3	0.038947347
2014	4	0.063057609
2014	5	0.078759224
2014	6	0.09751142
2014	7	0.138530867
2014	8	0.124260582
2014	9	0.105714227
2014	10	0.113132769
2014	11	0.10015032
2014	12	0.096833302
2014	13	0.075455381
2014	14	0.048673692
2014	15	0.050321185
2014	16	0.022445086
2014	17	0.027956214
2014	18	0.024627486
2014	19	0.016860749
2014	20	0.009367083
2014	21	0
2014	22	0
2014	23	0
2014	24	0
2014	25	0
2014	26	0
2014	27	0
2014	28	0
2014	29	0
2014	30	0
2014	31	0
2014	32	0
2014	33	0
2014	34	0
2014	35	0
2014	36	0
2014	37	0
2014	38	0
2014	39	0
2014	40	0.00194659
2014	41	0.005839769
2014	42	0.00194659
2014	43	0.00194659
2014	44	0
2014	45	0.003883392
2014	46	0.003883392
2014	47	0.007766783
2014	48	0.021358654
2014	49	0.025242045
2014	50	0.077667832
2014	51	0.201739389
2014	52	0.245909648
2015	1	0.249751987
2015	2	0.232461465
2015	3	0.155614699
2015	4	0.134481839
2015	5	0.074925596
2015	6	0.061477412
2015	7	0.1066891
2015	8	0.101821964
2015	9	0.117191317
2015	10	0.063398581
2015	11	0.08837378
2015	12	0.086452611
2015	13	0.080689103
2015	14	0.063398581
2015	15	0.073004427
2015	16	0.06531975
2015	17	0.040735838
2015	18	0.022969511
2015	19	0.02113286
2015	20	0.005892692
2015	21	0
2015	22	0
2015	23	0
2015	24	0
2015	25	0
2015	26	0
2015	27	0
2015	28	0
2015	29	0
2015	30	0
2015	31	0
2015	32	0
2015	33	0
2015	34	0
2015	35	0
2015	36	0
2015	37	0
2015	38	0
2015	39	0
2015	40	0.004116655
2015	41	0.012083682
2015	42	0.004027894
2015	43	0.00397419
2015	44	0
2015	45	0
2015	46	0.00397419
2015	47	0.023845137
2015	48	0.013909663
2015	49	0.027592409
2015	50	0.027592409
2015	51	0.037446841
2015	52	0.08782446
2015	53	0.5
2016	1	0.124905899
2016	2	0.122365368
2016	3	0.17564892
2016	4	0.242005178
2016	5	0.2927482
2016	6	0.2927482
2016	7	0.322809514
2016	8	0.310068635
2016	9	0.331655692
2016	10	0.321843393
2016	11	0.343491221
2016	12	0.299992514
2016	13	0.3058929
2016	14	0.218585322
2016	15	0.134664172
2016	16	0.064404604
2016	17	0.039033093
2016	18	0.039033093
2016	19	0.033358417
2016	20	0.020793804
2016	21	0
2016	22	0
2016	23	0
2016	24	0
2016	25	0
2016	26	0
2016	27	0
2016	28	0
2016	29	0
2016	30	0
2016	31	0
2016	32	0
2016	33	0
2016	34	0
2016	35	0
2016	36	0
2016	37	0
2016	38	0
2016	39	0
2016	40	0
2016	41	0.001962376
2016	42	0.005887128
2016	43	0.001962376
2016	44	0.003924752
2016	45	0.003882824
2016	46	0.009707061
2016	47	0.01929211
2016	48	0.027008954
2016	49	0.036655009
2016	50	0.081539313
2016	51	0.098389761
2016	52	0.179416623
2017	1	0.200637944
2017	2	0.187133467
2017	3	0.152407669
2017	4	0.162053724
2017	5	0.160378651
2017	6	0.135832823
2017	7	0.143707189
2017	8	0.096134168
2017	9	0.042743004
2017	10	0.037276514
2017	11	0.017657296
2017	12	0.015695374
2017	13	0.013780141
2017	14	0.013821041
2017	15	0.007897738
2017	16	0.025992712
2017	17	0.013639883
2017	18	0.009742773
2017	19	0.010086332
2017	20	0.011091762
2017	21	0
2017	22	0
2017	23	0
2017	24	0
2017	25	0
2017	26	0
2017	27	0
2017	28	0
2017	29	0
2017	30	0
2017	31	0
2017	32	0
2017	33	0
2017	34	0
2017	35	0
2017	36	0
2017	37	0
2017	38	0
2017	39	0
2017	40	0.003897109
2017	41	0.009742773
2017	42	0.001948555
2017	43	0.013639883
2017	44	0.007794219
2017	45	0.015588438
2017	46	0.007794219
2017	47	0.025331211
2017	48	0.051638675
2017	49	0.049460674
2017	50	0.068297669
2017	51	0.165627148
2017	52	0.339048516
2018	1	0.545595313
2018	2	0.582617852
2018	3	0.553389531
2018	4	0.452064688
2018	5	0.438424805
2018	6	0.422836367
2018	7	0.391659492
2018	8	0.3741225
2018	9	0.34099707
2018	10	0.311770306
2018	11	0.292283203
2018	12	0.231878008
2018	13	0.192717459
2018	14	0.182067748
2018	15	0.152196025
2018	16	0.05983131
2018	17	0.017536992
2018	18	0.021434102
2018	19	0.028211876
2018	20	0.017167154
2018	21	0
2018	22	0
2018	23	0
2018	24	0
2018	25	0
2018	26	0
2018	27	0
2018	28	0
2018	29	0
2018	30	0
2018	31	0
2018	32	0
2018	33	0
2018	34	0
2018	35	0
2018	36	0
2018	37	0
2018	38	0
2018	39	0
2018	40	0.003991781
2018	41	0.004020356
2018	42	0.003939018
2018	43	0.005819305
2018	44	0.014112797
2018	45	0.023633968
2018	46	0.017965176
2018	47	0.036075476
2018	48	0.0532001
2018	49	0.07247612
2018	50	0.109273272
2018	51	0.193474149
2018	52	0.320551951
2019	1	0.419687125
2019	2	0.536715051
2019	3	0.565829272
2019	4	0.567086754
2019	5	0.569740144
2019	6	0.544550307
2019	7	0.540111211
2019	8	0.393483244
2019	9	0.238218876
2019	10	0.195149671
2019	11	0.092064261
2019	12	0.08227019
2019	13	0.06268205
2019	14	0.061713398
2019	15	0.07600589
2019	16	0.067495348
2019	17	0.050929165
2019	18	0.029486335
2019	19	0.02228285
2019	20	0.014909307
2019	21	0
2019	22	0
2019	23	0
2019	24	0
2019	25	0
2019	26	0
2019	27	0
2019	28	0
2019	29	0
2019	30	0
2019	31	0
2019	32	0
2019	33	0
2019	34	0
2019	35	0
2019	36	0
2019	37	0
2019	38	0
2019	39	0
2019	40	0.00400915
2019	41	0.015532863
2019	42	0.017853129
2019	43	0.021264852
2019	44	0.017259999
2019	45	0.023013332
2019	46	0.053697775
2019	47	0.082464439
2019	48	0.149586658
2019	49	0.229007287
2019	50	0.360470426
2019	51	0.450463334
2019	52	0.445495841
2020	1	0.38930887
2020	2	0.211881042
2020	3	0.126573324
2020	4	0.106324263
2020	5	0.076711103
2020	6	0.061368886
2020	7	0.074793331
2020	8	0.097806662
2020	9	0.059768524
2020	10	0.051779997
2020	11	0.040725868
2020	12	0.03260222
2020	13	0.00969131
2020	14	0.003923315
